1 -0.0099
2 -0.009966667
3 -0.009933333
4 -0.009933333
5 -0.0099
6 -0.009933333
7 -0.010066667
8 -0.010533333
9 -0.010666667
10 -0.0107
11 -0.010733333
12 -0.010533333
13 -0.010566667
14 -0.010466667
15 -0.010366667
16 -0.010333333
17 -0.010433333
18 -0.0107
19 -0.010666667
20 -0.010633333
21 -0.010833333
22 -0.011466667
23 -0.010366667
24 -0.0101
25 -0.010066667
26 -0.0101
27 -0.010133333
28 -0.010066667
29 -0.0101
30 -0.0101
31 -0.010066667
32 -0.0101
33 -0.010066667
34 -0.010366667
35 -0.010333333
36 -0.010366667
37 -0.010133333
38 -0.010066667
39 -0.009866667
40 -0.0098
41 -0.0098
42 -0.0098
43 -0.0098
44 -0.009766667
45 -0.0098
46 -0.0098
47 -0.0098
48 -0.0098
49 -0.0098
50 -0.009766667
51 -0.009833333
52 -0.009866667
53 -0.009866667
54 -0.0099
55 -0.0101
56 -0.010266667
57 -0.0103
58 -0.010233333
59 -0.0104
60 -0.010466667
61 -0.010466667
62 -0.010433333
63 -0.010466667
64 -0.010366667
65 -0.010266667
66 -0.010266667
67 -0.010233333
68 -0.010266667
69 -0.0103
70 -0.010233333
71 -0.010233333
72 -0.010233333
73 -0.010133333
74 -0.009966667
75 -0.0099
76 -0.009866667
77 -0.0099
78 -0.0099
79 -0.0099
80 -0.009833333
81 -0.009833333
82 -0.009866667
83 -0.009833333
84 -0.01
85 -0.010166667
86 -0.010066667
87 -0.010033333
88 -0.010133333
89 -0.010533333
90 -0.0103
91 -0.010433333
92 -0.0106
93 -0.010666667
94 -0.0107
95 -0.010666667
96 -0.0107
97 -0.010633333
98 -0.0102
99 -0.010633333
100 -0.0107
101 -0.010866667
102 -0.011466667
103 -0.0104
104 -0.010066667
105 -0.0101
106 -0.010033333
107 -0.0101
108 -0.010133333
109 -0.0101
110 -0.010033333
111 -0.010066667
112 -0.01
113 -0.010033333
114 -0.009966667
115 -0.0098
116 -0.009733333
117 -0.0098
118 -0.009733333
119 -0.009766667
120 -0.009633333
121 -0.009133333
122 -0.009666667
123 -0.0096
124 -0.009733333
125 -0.009666667
126 -0.009666667
127 -0.009666667
128 -0.009733333
129 -0.0104
130 -0.0104
131 -0.010266667
132 -0.009966667
133 -0.01
134 -0.009966667
135 -0.0102
136 -0.010166667
137 -0.010233333
138 -0.010233333
139 -0.010233333
140 -0.010166667
141 -0.010033333
142 -0.0101
143 -0.010133333
144 -0.010066667
145 -0.0101
146 -0.010166667
147 -0.0101
148 -0.009866667
149 -0.009833333
150 -0.0098
151 -0.0098
152 -0.0098
153 -0.009766667
154 -0.009766667
155 -0.009766667
156 -0.009766667
157 -0.009766667
158 -0.009833333
159 -0.009833333
160 -0.0101
161 -0.010066667
162 -0.01
163 -0.010066667
164 -0.010133333
165 -0.010233333
166 -0.0101
167 -0.010133333
168 -0.0101
169 -0.010066667
170 -0.0101
171 -0.010033333
172 -0.0101
173 -0.0101
174 -0.010133333
175 -0.010066667
176 -0.0101
177 -0.010066667
178 -0.0101
179 -0.010066667
180 -0.0101
181 -0.010233333
182 -0.0106
183 -0.010366667
184 -0.010266667
185 -0.010533333
186 -0.010533333
187 -0.010533333
188 -0.010566667
189 -0.010533333
190 -0.0105
191 -0.010333333
192 -0.010333333
193 -0.010666667
194 -0.011233333
195 -0.010233333
196 -0.009833333
197 -0.009866667
198 -0.009866667
199 -0.009966667
200 -0.009966667
201 -0.010033333
202 -0.010233333
203 -0.010133333
204 -0.0102
205 -0.010233333
206 -0.0102
207 -0.010166667
208 -0.010166667
209 -0.010233333
210 -0.0103
211 -0.010433333
212 -0.010366667
213 -0.010366667
214 -0.010366667
215 -0.010333333
216 -0.0101
217 -0.010166667
218 -0.010133333
219 -0.010133333
220 -0.009966667
221 -0.0099
222 -0.009866667
223 -0.0099
224 -0.009833333
225 -0.009866667
226 -0.009866667
227 -0.009866667
228 -0.009966667
229 -0.009933333
230 -0.0099
231 -0.009933333
232 -0.0099
233 -0.009966667
234 -0.009933333
235 -0.01
236 -0.010166667
237 -0.0101
238 -0.0101
239 -0.010033333
240 -0.010266667
241 -0.010133333
242 -0.01
243 -0.010066667
244 -0.0101
245 -0.010133333
246 -0.010166667
247 -0.010166667
248 -0.010233333
249 -0.0102
250 -0.010233333
251 -0.010233333
252 -0.010533333
253 -0.0106
254 -0.010666667
255 -0.010233333
256 -0.010233333
257 -0.0102
258 -0.0102
259 -0.010033333
260 -0.009966667
261 -0.010166667
262 -0.010133333
263 -0.010133333
264 -0.0101
265 -0.0101
266 -0.0099
267 -0.009866667
268 -0.009866667
269 -0.0099
270 -0.009833333
271 -0.009866667
272 -0.009866667
273 -0.009833333
274 -0.009833333
275 -0.0098
276 -0.0098
277 -0.010066667
278 -0.010166667
279 -0.010133333
280 -0.010133333
281 -0.0101
282 -0.010166667
283 -0.010133333
284 -0.0102
285 -0.010166667
286 -0.010366667
287 -0.0103
288 -0.010266667
289 -0.010366667
290 -0.010366667
291 -0.010333333
292 -0.010566667
293 -0.010566667
294 -0.010566667
295 -0.010533333
296 -0.0105
297 -0.010266667
298 -0.010266667
299 -0.010266667
300 -0.010266667
301 -0.010266667
302 -0.0103
303 -0.0103
304 -0.0105
305 -0.011233333
306 -0.010166667
307 -0.009833333
308 -0.0098
309 -0.009866667
310 -0.009833333
311 -0.01
312 -0.010066667
313 -0.01
314 -0.010066667
315 -0.010233333
316 -0.010233333
317 -0.0101
318 -0.010066667
319 -0.010066667
320 -0.010033333
321 -0.01
322 -0.01
323 -0.01
324 -0.009966667
325 -0.010033333
326 -0.010033333
327 -0.009966667
328 -0.010033333
329 -0.009966667
330 -0.010033333
331 -0.01
332 -0.010033333
333 -0.0099
334 -0.009733333
335 -0.009733333
336 -0.009833333
337 -0.009966667
338 -0.009933333
339 -0.01
340 -0.009966667
341 -0.009933333
342 -0.009733333
343 -0.009733333
344 -0.009733333
345 -0.0098
346 -0.0098
347 -0.009733333
348 -0.0097
349 -0.009766667
350 -0.009766667
351 -0.009733333
352 -0.009833333
353 -0.010066667
354 -0.01
355 -0.010066667
356 -0.009966667
357 -0.010033333
358 -0.010033333
359 -0.010033333
360 -0.010066667
361 -0.010233333
362 -0.0106
363 -0.011233333
364 -0.011433333
365 -0.011366667
366 -0.011366667
367 -0.011166667
368 -0.011133333
369 -0.010866667
370 -0.0105
371 -0.0104
372 -0.0101
373 -0.0101
374 -0.010233333
375 -0.010333333
376 -0.0108
377 -0.0111
378 -0.010833333
379 -0.011033333
380 -0.011033333
381 -0.011033333
382 -0.011033333
383 -0.011033333
384 -0.011066667
385 -0.011
386 -0.011033333
387 -0.011266667
388 -0.011266667
389 -0.011266667
390 -0.011333333
391 -0.011633333
392 -0.0114
393 -0.0113
394 -0.011266667
395 0.045933333
396 0.0514
397 0.048
398 0.048833333
399 0.057733333
400 0.062533333
401 0.063733333
402 0.074266667
403 0.093166667
404 0.083466667
405 0.074066667
406 0.0823
407 0.1032
408 0.134633333
409 0.176733333
410 0.2208
411 0.236333333
412 0.226233333
413 0.202133333
414 0.176833333
415 0.1544
416 0.128066667
417 0.110366667
418 0.103933333
419 0.094433333
420 0.080066667
421 0.0719
422 0.061566667
423 0.0589
424 0.072833333
425 0.0851
426 0.092566667
427 0.1061
428 0.1178
429 0.123066667
430 0.117666667
431 0.1163
432 0.113933333
433 0.103
434 0.100633333
435 0.1016
436 0.091233333
437 0.086633333
438 0.091633333
439 0.103166667
440 0.115533333
441 0.1349
442 0.149133333
443 0.169033333
444 0.197266667
445 0.238966667
446 0.2546
447 0.2433
448 0.227166667
449 0.212233333
450 0.203666667
451 0.204166667
452 0.2119
453 0.217533333
454 0.195566667
455 0.163366667
456 0.15
457 0.148
458 0.143266667
459 0.1428
460 0.142933333
461 0.1466
462 0.1496
463 0.144466667
464 0.1166
465 0.0912
466 0.079533333
467 0.0729
468 0.080066667
469 0.100866667
470 0.124466667
471 0.173233333
472 0.197866667
473 0.204066667
474 0.2344
475 0.275433333
476 0.2821
477 0.293966667
478 0.2991
479 0.278766667
480 0.2734
481 0.293
482 0.3345
483 0.385966667
484 0.416066667
485 0.445266667
486 0.489533333
487 0.541366667
488 0.551266667
489 0.556466667
490 0.5559
491 0.529266667
492 0.516733333
493 0.530966667
494 0.538933333
495 0.5352
496 0.486666667
497 0.4517
498 0.4288
499 0.413
500 0.3995
501 0.386366667
502 0.392066667
503 0.444066667
504 0.485366667
505 0.523833333
506 0.5593
507 0.605933333
508 0.663766667
509 0.718666667
510 0.7561
511 0.743766667
512 0.723766667
513 0.688433333
514 0.6545
515 0.645466667
516 0.631466667
517 0.571266667
518 0.535033333
519 0.536033333
520 0.555966667
521 0.584733333
522 0.623866667
523 0.662166667
524 0.768433333
525 0.918233333
526 1.054633333
527 1.115266667
528 1.0795
529 0.951033333
530 0.8242
531 0.706266667
532 0.6084
533 0.539266667
534 0.485066667
535 0.436733333
536 0.3837
537 0.332266667
538 0.291433333
539 0.2832
540 0.291133333
541 0.3065
542 0.324266667
543 0.343066667
544 0.3527
545 0.364233333
546 0.379
547 0.377
548 0.380566667
549 0.391133333
550 0.395133333
551 0.386366667
552 0.369433333
553 0.359833333
554 0.3482
555 0.320966667
556 0.287533333
557 0.2614
558 0.2412
559 0.221266667
560 0.208233333
561 0.194933333
562 0.184033333
563 0.184966667
564 0.205133333
565 0.2308
566 0.255233333
567 0.2833
568 0.307633333
569 0.313466667
570 0.324566667
571 0.360733333
572 0.4019
573 0.4504
574 0.4863
575 0.5406
576 0.6262
577 0.6962
578 0.7577
579 0.7984
580 0.8434
581 0.928266667
582 1.005066667
583 1.0337
584 0.896566667
585 0.6993
586 0.581766667
587 0.5552
588 0.556566667
589 0.607733333
590 0.6436
591 0.640233333
592 0.6707
593 0.701933333
594 0.744566667
595 0.821033333
596 0.8987
597 0.945866667
598 1.030666667
599 1.072633333
600 1.0864
601 1.072033333
602 1.037833333
603 0.970533333
604 0.832033333
605 0.7428
606 0.7567
607 0.754633333
608 0.747433333
609 0.726966667
610 0.758066667
611 0.816466667
612 0.906466667
613 1.005733333
614 1.0279
615 1.0026
616 0.9723
617 0.835266667
618 0.706633333
619 0.6393
620 0.622666667
621 0.6534
622 0.712533333
623 0.822633333
624 0.922233333
625 1.031166667
626 1.132266667
627 1.180333333
628 1.188633333
629 1.432633333
630 1.815733333
631 1.8865
632 1.8486
633 2.007733333
634 1.812566667
635 2.0403
636 2.2247
637 2.779866667
638 3.1428
639 3.183133333
640 3.247533333
641 4.040733333
642 5.330733333
643 6.294133333
644 3.370333333
645 4.947433333
646 7.680633333
647 7.106666667
648 8.0062
649 6.812133333
650 7.679733333
651 6.227433333
652 5.495866667
653 5.000266667
654 5.067633333
655 5.3672
656 5.8953
657 6.515133333
658 7.286166667
659 7.542833333
660 6.2789
661 3.740266667
662 3.347266667
663 2.656366667
664 2.4814
665 2.592133333
666 2.889433333
667 3.2205
668 3.4725
669 3.529466667
670 3.354266667
671 4.790166667
672 3.877933333
673 4.8968
674 3.226933333
675 3.539066667
676 3.7406
677 4.604
678 5.2445
679 4.1388
680 4.960633333
681 4.934533333
682 4.857633333
683 4.469066667
684 4.2363
685 4.2587
686 4.7997
687 7.02
688 5.380766667
689 4.300966667
690 5.667833333
691 7.6082
692 8.281033333
693 6.2366
694 7.776
695 8.494366667
696 7.198433333
697 8.506566667
698 8.508066667
699 8.598566667
700 8.378566667
701 8.0465
702 7.965833333
703 7.951366667
704 8.168633333
705 8.270266667
706 5.825233333
707 5.7246
708 3.259633333
709 2.757
710 3.519466667
711 6.176966667
712 8.7097
713 8.7134
714 8.879266667
715 9.0812
716 9.216833333
717 7.391366667
718 6.036666667
719 3.081033333
720 2.9872
721 3.155033333
722 2.7171
723 2.505433333
724 2.699366667
725 2.979433333
726 4.496666667
727 4.358233333
728 4.6281
729 3.9696
730 4.713666667
731 4.352466667
732 3.784766667
733 4.8887
734 6.295466667
735 5.664333333
736 4.632633333
737 5.379866667
738 5.695366667
739 6.830933333
740 9.2722
741 9.115666667
742 8.5088
743 8.815533333
744 8.636866667
745 8.339466667
746 8.983066667
747 5.7122
748 9.102
749 9.035733333
750 6.700333333
751 4.1328
752 3.2133
753 3.0774
754 5.316733333
755 9.633966667
756 8.987666667
757 7.025433333
758 9.271266667
759 9.336233333
760 8.121333333
761 3.608533333
762 8.540133333
763 7.930633333
764 5.627466667
765 7.9709
766 4.799033333
767 5.310066667
768 3.665766667
769 4.257433333
770 3.357166667
771 2.289766667
772 1.983333333
773 1.6776
774 1.7295
775 2.3023
776 2.429066667
777 2.745133333
778 2.8155
779 3.7411
780 1.610966667
781 1.4886
782 1.4933
783 1.709333333
784 1.6435
785 1.3628
786 1.0546
787 0.881933333
788 0.874366667
789 0.945333333
790 1.190733333
791 1.277133333
792 1.1721
793 1.1697
794 1.178566667
795 1.145433333
796 1.161266667
797 1.334666667
798 4.0281
799 9.491633333
800 9.102966667
801 9.0827
802 9.0652
803 8.110733333
804 9.642266667
805 6.7652
806 4.446266667
807 2.330766667
808 1.950266667
809 2.0967
810 2.543133333
811 2.909833333
812 8.513733333
813 8.430666667
814 9.4976
815 7.994766667
816 9.642866667
817 9.365166667
818 8.639866667
819 8.785133333
820 2.550766667
821 1.767633333
822 1.373133333
823 1.246433333
824 1.4211
825 1.6546
826 2.152966667
827 4.523066667
828 2.627133333
829 4.403066667
830 3.552233333
831 3.505633333
832 3.781966667
833 8.733233333
834 8.129466667
835 8.291633333
836 4.5967
837 3.181666667
838 4.916033333
839 4.7447
840 3.9961
841 2.706533333
842 4.257733333
843 4.899633333
844 6.6923
845 7.121133333
846 5.9468
847 3.8537
848 2.704133333
849 2.122933333
850 1.9028
851 1.8111
852 1.733266667
853 1.596366667
854 1.380266667
855 1.1536
856 1.0304
857 1.0123
858 1.071733333
859 1.1668
860 1.371666667
861 1.515466667
862 1.5995
863 1.763633333
864 1.965733333
865 2.1903
866 2.4228
867 2.915166667
868 3.347433333
869 3.402433333
870 3.024433333
871 2.645066667
872 2.444166667
873 2.3785
874 2.344166667
875 2.261633333
876 2.310166667
877 2.3393
878 2.247366667
879 2.101266667
880 1.991466667
881 1.8665
882 1.721
883 1.612033333
884 1.529366667
885 1.484733333
886 1.495366667
887 1.531166667
888 1.601166667
889 1.633833333
890 1.735066667
891 1.957833333
892 2.4305
893 2.6325
894 2.767333333
895 2.827233333
896 3.032
897 2.815066667
898 2.451633333
899 2.114066667
900 1.8518
901 1.631666667
902 1.4968
903 1.435566667
904 1.445166667
905 1.484433333
906 1.682333333
907 2.0892
908 2.9191
909 2.9408
910 3.7396
911 4.019166667
912 2.421233333
913 2.404633333
914 3.041333333
915 4.070133333
916 7.560266667
917 8.5587
918 8.952466667
919 4.8076
920 4.072333333
921 6.4845
922 5.719833333
923 4.593366667
924 5.543
925 4.953066667
926 3.908766667
927 3.751133333
928 3.409666667
929 3.156166667
930 3.229133333
931 3.819633333
932 5.8066
933 4.586433333
934 1.774933333
935 1.3887
936 1.377666667
937 1.414433333
938 1.399166667
939 1.361566667
940 1.293733333
941 1.2131
942 1.1398
943 1.073533333
944 1.021866667
945 0.992833333
946 0.970266667
947 0.938133333
948 0.877166667
949 0.813733333
950 0.7838
951 0.786966667
952 0.807866667
953 0.854133333
954 0.892966667
955 0.9116
956 0.917533333
957 0.929433333
958 0.967866667
959 1.0185
960 1.0805
961 1.134366667
962 1.147066667
963 1.1113
964 1.028566667
965 0.9559
966 0.9404
967 0.980566667
968 1.040566667
969 1.072433333
970 1.173233333
971 1.257266667
972 1.2721
973 1.245
974 1.191633333
975 1.123633333
976 1.052433333
977 0.989866667
978 0.945866667
979 0.922633333
980 0.913
981 0.9083
982 0.904566667
983 0.897366667
984 0.882433333
985 0.862533333
986 0.846733333
987 0.842866667
988 0.844766667
989 0.848
990 0.853466667
991 0.864866667
992 0.8895
993 0.926733333
994 0.983766667
995 1.033433333
996 1.078866667
997 1.099
998 1.0684
999 0.9942
1000 0.925133333
1001 0.8812
1002 0.865466667
1003 0.876833333
1004 0.901466667
1005 0.934633333
1006 0.974633333
1007 1.030966667
1008 1.079733333
1009 1.1114
1010 1.161533333
1011 1.2166
1012 1.2451
1013 1.2343
1014 1.215066667
1015 1.186933333
1016 1.148566667
1017 1.107333333
1018 1.0692
1019 1.034866667
1020 1.000533333
1021 0.970333333
1022 0.9486
1023 0.9456
1024 0.9567
1025 0.9739
1026 0.997666667
1027 1.027366667
1028 1.0577
1029 1.080266667
1030 1.096966667
1031 1.107066667
1032 1.103833333
1033 1.089733333
1034 1.064
1035 1.025733333
1036 0.977133333
1037 0.9274
1038 0.880133333
1039 0.8373
1040 0.8003
1041 0.770866667
1042 0.748666667
1043 0.7343
1044 0.731633333
1045 0.740466667
1046 0.7596
1047 0.786533333
1048 0.821433333
1049 0.868133333
1050 0.9108
1051 0.951733333
1052 1.063333333
1053 1.1375
1054 1.191766667
1055 1.252466667
1056 1.315133333
1057 1.358766667
1058 1.374366667
1059 1.391366667
1060 1.444233333
1061 1.5445
1062 1.557933333
1063 1.6257
1064 1.7209
1065 1.7769
1066 2.0394
1067 3.1275
1068 4.073233333
1069 3.8646
1070 2.6272
1071 2.177966667
1072 2.053666667
1073 2.4643
1074 2.310733333
1075 3.938233333
1076 4.2754
1077 4.083866667
1078 3.953566667
1079 3.147233333
1080 2.088433333
1081 1.6887
1082 1.634466667
1083 1.842433333
1084 1.362166667
1085 2.046466667
1086 2.204966667
1087 1.7429
1088 1.680066667
1089 2.2359
1090 1.3599
1091 1.275266667
1092 1.281733333
1093 1.294766667
1094 1.2334
1095 1.187066667
1096 1.1694
1097 1.152566667
1098 1.134566667
1099 1.127133333
1100 1.123433333
1101 1.143233333
1102 1.288266667
1103 1.338
1104 1.520033333
1105 2.065633333
1106 1.8144
1107 1.9305
1108 1.594233333
1109 1.4403
1110 1.464633333
1111 1.447066667
1112 1.2992
1113 1.309933333
1114 1.211
1115 1.152533333
1116 1.120433333
1117 1.0367
1118 0.7419
1119 0.624533333
1120 0.666066667
1121 0.7211
1122 0.6993
1123 0.643433333
1124 0.588033333
1125 0.5762
1126 0.608233333
1127 0.674033333
1128 0.7168
1129 0.7109
1130 0.639433333
1131 0.565433333
1132 0.513566667
1133 0.479366667
1134 0.4689
1135 0.4818
1136 0.4983
1137 0.4962
1138 0.478733333
1139 0.439033333
1140 0.3906
1141 0.3844
1142 0.301666667
1143 0.2432
1144 0.202566667
1145 0.167
1146 0.141133333
1147 0.124233333
1148 0.1128
1149 0.103466667
1150 0.092833333
1151 0.084
1152 0.078733333
1153 0.078
1154 0.081433333
1155 0.086966667
1156 0.104933333
1157 0.144866667
1158 0.123266667
1159 0.0795
1160 0.067733333
1161 0.058966667
1162 0.052166667
1163 0.0464
1164 0.041733333
1165 0.040966667
1166 0.046633333
1167 0.064933333
1168 0.080166667
1169 0.095266667
1170 0.106733333
1171 0.115733333
1172 0.122933333
1173 0.128866667
1174 0.131966667
1175 0.1296
1176 0.123033333
1177 0.117033333
1178 0.112966667
1179 0.114066667
1180 0.115633333
1181 0.116666667
1182 0.119233333
1183 0.129833333
1184 0.1404
1185 0.147966667
1186 0.1509
1187 0.148066667
1188 0.136666667
1189 0.1203
1190 0.103066667
1191 0.089966667
1192 0.079933333
1193 0.0739
1194 0.073733333
1195 0.077266667
1196 0.079666667
1197 0.0769
1198 0.069233333
1199 0.060366667
1200 0.0537
1201 0.0459
1202 0.036733333
1203 0.0288
1204 0.021
1205 0.0152
1206 0.011133333
1207 0.0064
1208 0.002233333
1209 -0.0013
1210 -0.006033333
1211 -0.009733333
1212 -0.009366667
1213 -0.009266667
1214 -0.009266667
1215 -0.0094
1216 -0.009866667
1217 -0.009866667
1218 -0.009933333
1219 -0.01
1220 -0.0102
1221 -0.010333333
1222 -0.0103
1223 -0.0101
1224 -0.0101
1225 -0.009566667
1226 -0.009266667
1227 -0.007383333
1228 -0.008733333
1229 -0.0099
1230 -0.0089
1231 -0.008433333
1232 -0.008333333
1233 -0.0084
1234 -0.0087
1235 -0.008566667
1236 -0.0086
1237 -0.0085
1238 -0.0085
1239 -0.0085
1240 -0.008466667
1241 -0.008133333
1242 -0.0081
1243 -0.007366667
1244 -0.0069
1245 -0.003866667
1246 -0.0051
1247 -0.006033333
1248 -0.006566667
1249 -0.005466667
1250 -0.006966667
1251 -0.006833333
1252 -0.006866667
1253 -0.007133333
1254 -0.007166667
1255 -0.007166667
1256 -0.007033333
1257 -0.0066
1258 -0.006566667
1259 -0.006566667
1260 -0.0066
1261 -0.006566667
1262 -0.006633333
1263 -0.006666667
1264 -0.006633333
1265 -0.0067
1266 -0.006533333
1267 -0.006466667
1268 -0.0065
1269 -0.006833333
1270 -0.008566667
1271 -0.0087
1272 -0.008533333
1273 -0.008266667
1274 -0.009633333
1275 -0.0082
1276 -0.0082
1277 -0.0082
1278 -0.0036
1279 -0.007766667
1280 -0.0086
1281 -0.0086
1282 -0.008766667
1283 -0.0088
1284 -0.008833333
1285 -0.008866667
1286 -0.0089
1287 -0.009066667
1288 -0.009133333
1289 -0.0093
1290 -0.009433333
1291 -0.0102
1292 -0.0101
1293 -0.010066667
1294 -0.0101
1295 -0.0103
1296 -0.010666667
1297 -0.010533333
1298 -0.010366667
1299 -0.0104
1300 -0.0104
1301 -0.010233333
1302 -0.010166667
1303 -0.0102
1304 -0.010066667
1305 -0.0101
1306 -0.01
1307 -0.009833333
1308 -0.0099
1309 -0.009866667
1310 -0.009966667
1311 -0.010533333
1312 -0.011233333
1313 -0.0102
1314 -0.0099
1315 -0.009933333
1316 -0.009933333
1317 -0.009866667
1318 -0.0099
1319 -0.009966667
1320 -0.009966667
1321 -0.0102
1322 -0.0102
1323 -0.010133333
1324 -0.010166667
1325 -0.010433333
1326 -0.010266667
1327 -0.010166667
1328 -0.010133333
1329 -0.0102
1330 -0.010166667
1331 -0.0102
1332 -0.010233333
1333 -0.010266667
1334 -0.010133333
1335 -0.0101
1336 -0.010166667
1337 -0.0102
1338 -0.0102
1339 -0.0102
1340 -0.0101
1341 -0.009866667
1342 -0.009866667
1343 -0.009866667
1344 -0.009966667
1345 -0.0099
1346 -0.010133333
1347 -0.010133333
1348 -0.0101
1349 -0.010166667
1350 -0.010166667
1351 -0.0102
1352 -0.010466667
1353 -0.0105
1354 -0.0104
1355 -0.0104
1356 -0.0105
1357 -0.010533333
1358 -0.0106
1359 -0.010633333
1360 -0.0108
1361 -0.010733333
1362 -0.0107
1363 -0.010733333
1364 -0.010733333
1365 -0.010666667
1366 -0.011033333
1367 -0.011666667
1368 -0.0106
1369 -0.0103
1370 -0.010366667
1371 -0.010466667
1372 -0.010566667
1373 -0.010533333
1374 -0.010533333
1375 -0.0105
1376 -0.010366667
1377 -0.0102
1378 -0.0101
1379 -0.0099
1380 -0.0099
1381 -0.009766667
1382 -0.010133333
1383 -0.010833333
1384 -0.0106
1385 -0.0108
1386 -0.010833333
1387 -0.010666667
1388 -0.0107
1389 -0.010833333
1390 -0.010833333
1391 -0.0108
1392 -0.010766667
1393 -0.010766667
1394 -0.010833333
1395 -0.0108
1396 -0.010833333
1397 -0.01
1398 -0.01
1399 -0.01
1400 -0.009966667
1401 -0.010333333
1402 -0.010166667
1403 -0.0102
1404 -0.010233333
1405 -0.010333333
1406 -0.0103
1407 -0.010333333
1408 -0.0103
1409 -0.010333333
1410 -0.010266667
1411 -0.010233333
1412 -0.0102
1413 -0.010166667
1414 -0.010133333
1415 -0.0102
1416 -0.010166667
1417 -0.010233333
1418 -0.010233333
1419 -0.0104
1420 -0.010733333
1421 -0.0108
1422 -0.011
1423 -0.011033333
1424 -0.011
1425 -0.010966667
1426 -0.010966667
1427 -0.010866667
1428 -0.010833333
1429 -0.010866667
1430 -0.010766667
1431 -0.0108
1432 -0.011033333
1433 -0.0117
1434 -0.010566667
1435 -0.010166667
1436 -0.0101
1437 -0.009933333
1438 -0.0099
1439 -0.009966667
1440 -0.009933333
1441 -0.009866667
